62009
59609
57617
58876
64050
56355
61285
60089
14194
55186
60886
12775
58093
64141
17316
13889
35696
38394
53847
42926
20610
9024
41820
6411
25316
20939
27252
22775
52585
25904
23851
21953
43713
60172
24992
46087
12524
5909
56125
61225
61026
31268
53683
53379
22764
63009
63736
51495
22506
45364
22416
42752
52401
52926
13776
50479
41153
4146
25873
9515
33878
27605
15200
26112
3464
40817
16136
50817
10671
51574
2106
57554
64993
59539
25958
38892
10447
36850
5138
25680
28119
12802
6856
21163
53100
44225
60724
18448
987
38268
24570
35169
35807
30391
8806
51542
60299
26190
65341
47169
5498
11108
51120
62549
51907
32832
12879
26520
59742
48052
34717
23364
37813
33877
1419
30267
4143
52758
65015
18166
54262
48353
55715
3994
37423
38084
3093
7881
26053
24220
19652
51065
22702
38654
62003
57370
5636
8356
25381
54161
31961
54342
15476
40849
59032
45480
65114
24987
11592
47346
64890
14592
4655
25767
37342
38542
25838
13218
25542
33945
56227
35829
35517
55805
42797
56182
29245
41649
32888
23934
3914
44794
54857
32521
34699
12656
23336
59251
37688
33239
627
42120
27451
35338
24386
37076
15274
32938
49439
31616
51906
30046
40582
56714
13809
51840
13681
33061
27610
8758
29580
45577
62220
65423
29665
41006
56539
35173
17306
7836
45363
33498
21615
58778
5886
54920
34491
52961
56316
35864
6138
64488
22955
56881
59958
38419
37590
32473
32423
32409
33103
9395
61179
13609
5366
55848
3670
57355
16202
31458
23209
25577
59630
31285
20893
3082
58358
49263
12084
23148
21894
54206
51399
10641
57063
60869
41567
38080
10398
18241
8137
57003
46281
8575
48013
20130
55321
43064
64823
16750
60821
4071
54162
16754
49195
39647
26520
12652
26866
56597
12174
33514
41351
31040
20404
11569
39429
7313
21773
65326
35133
1692
18362
55185
26371
27556
33485
60742
64337
22101
53322
18665
52283
56744
61195
51477
36948
61941
60879
63641
60804
15374
2350
53849
13710
30723
59828
33614
62511
60909
544
52311
58998
41908
15452
53995
62193
13629
19395
48683
1428
60340
40420
13611
3176
21034
38208
49123
29192
44160
9502
48705
17453
1815
1841
29936
5706
8493
11605
60690
46476
59959
10191
45188
62437
17280
29868
59100
26218
60382
56498
58584
40763
2732
34370
51279
36829
31468
29901
27288
46497
26163
3179
31355
388
47856
33450
25046
5968
49322
6300
12829
14257
20978
37911
59966
38406
52321
51165
16406
55251
28142
33229
46204
22603
55870
60392
8747
35289
50303
9909
31498
26816
306
35389
54107
36967
31043
52188
50381
51176
60203
5087
13141
5380
2538
31552
28738
56898
12906
12658
64752
55495
39184
47349
59933
23487
55438
57588
11178
56584
13106
55134
40602
26840
34509
27479
57470
41754
62337
14452
10475
36050
62763
27038
52920
54573
16471
21327
116
54264
3229
43605
63863
34244
45439
17008
59338
36819
5739
18814
4884
46694
38061
62604
11688
33463
37192
46673
8100
33148
28363
54978
58438
26392
4846
45917
5168
5756
19197
62595
36813
35462
62256
38643
3196
45778
8824
5798
28880
41806
23504
13040
22888
58672
10904
24665
31749
7951
48795
54326
6713
46123
24782
17905
17580
59345
41349
48000
19300
46162
15948
32463
39761
1110
9932
19033
13742
46382
6034
49367
26343
34761
46437
57436
61611
28617
20025
43312
19043
64514
44084
3609
15342
36013
9640
13127
64846
53485
6352
21539
19083
27279
48522
33877
55805
25316
211
7751
15526
18933
28456
40666
2152
55551
60160
3038
60216
58789
36119
50886
55497
29610
64439
57264
23113
2720
20169
64600
21880
58112
9853
41717
40506
30199
33770
63710
53182
58315
44191
41043
16632
6605
34232
34257
12159
45329
24363
56559
15382
60982
48800
56342
6660
53156
57540
40690
27956
40412
2771
63046
38978
22541
29199
25104
574
45474
9912
26196
49502
10956
43461
21497
47948
22927
23108
19434
4697
27092
55202
5058
2119
38097
37570
32345
34841
10650
47030
63661
63637
17830
9858
55799
17725
35660
35292
38359
43876
45408
36979
58941
35194
22750
38742
35261
28519
2032
35767
46867
1115
51991
44757
59805
2332
53661
6553
258
6583
22735
9574
49695
42714
36048
9864
54608
33325
19960
30993
14283
57938
22823
46327
24631
52849
28720
51236
52033
53061
18479
44867
20663
47186
9713
61038
9782
32644
53114
50182
18102
55468
27811
16365
40852
38029
58092
64113
49520
19891
26902
34484
22121
28504
29051
65174
36206
6487
34104
8192
23650
20262
22970
32711
40567
33699
56587
53967
59911
14435
28395
23896
38726
39248
13349
16486
0
52457
53873
51332
65002
62214
52291
40356
10755
22335
47321
62530
16663
19946
15549
47615
20814
10913
44250
26157
16357
8831
55782
14229
44463
8670
34305
32233
64172
21246
21142
15792
60818
30568
37863
21162
28924
16031
59769
56733
40601
26912
61986
39083
30188
893
5856
55226
47520
6840
37984
56016
28989
32022
28457
27931
63046
61874
23878
63175
39169
39299
24824
28719
13144
13910
32269
29768
11470
62447
48604
54585
53939
7471
28673
607
41125
16114
1829
39313
24699
31976
5192
8156
29470
60872
10216
63228
16059
23683
59811
46670
40825
46992
40083
32400
22481
13924
54027
14632
14760
1041
1925
58611
2877
17557
40282
44274
51059
3495
55677
65518
41379
27449
19819
54447
22344
34900
1009
45971
38444
24112
17232
42447
10846
59947
41607
21384
60556
28475
27283
3414
1325
1401
10312
19241
40030
2619
689
796
56949
33128
58451
46468
54168
17751
1572
57918
45649
57873
41235
60543
29504
4900
55735
48
46087
15653
47179
64667
45758
38155
47378
34310
63126
27816
13699
22811
18260
50336
18581
41434
59705
36195
34708
8853
50860
10909
53241
16499
45667
56087
53610
53286
15493
41637
58469
41360
35030
34951
8514
4569
5345
15134
46039
17267
42987
1502
46307
20723
36175
6315
46856
54418
24883
17435
63671
18736
55587
58665
19018
5265
6899
59515
7850
54322
1473
47662
37104
53221
49198
3847
316
9889
30024
42859
4666
27586
17470
12236
34354
27839
30535
60795
45548
51767
24885
63062
56266
60022
8266
50671
503
43162
42365
24438
47718
33049
598
6584
28128
64677
14959
15737
19464
50021
53693
55081
27598
16101
35555
22343
31264
36476
21212
45370
45678
870
5612
45843
10620
29915
9871
61900
28173
48040
